833299 577345
859309 179805
496330 561910
303154 377872
757958 886486
503376 764418
285178 371547
560925 534465
18314 829711
199843 455243
596811 993455
795971 745409
851645 788285
964719 544008
303317 144201
195083 778981
268827 908948
146541 332626
158539 775495
373079 328504
196787 767990
77679 723388
928567 639851
514313 665948
456053 239326
30449 161544
118195 359003
836122 162723
288215 227569
764069 416905
978381 464287
831088 231
276589 718878
837675 904777
977500 173216
754896 468837
51250 196446
104087 718496
946579 682222
354752 403687
641959 990175
667355 697928
102483 610588
516600 97666
796628 278712
952472 540107
628831 617052
449451 489190
255947 577072
829587 895462
910890 442082
952983 731499
876845 733696
965873 51902
473675 789683
955880 452670
363689 399255
932268 398590
142312 173588
993832 936749
630951 206846
674705 618494
819643 429805
116557 467584
67585 685391
336615 566585
795735 870403
455891 90187
575084 118777
27068 815495
551676 883002
410648 808639
121006 364354
567001 755974
137498 209675
718437 903574
495221 924870
740859 35481
762260 135576
66563 141140
493392 594422
507563 565813
546052 455096
476136 474819
35433 307447
446501 790833
584823 386432
640897 738857
714206 388537
88558 271299
708707 546961
628316 914401
567233 572356
254231 331316
686795 345772
695701 765388
127137 539658
346260 899255
439936 564811
844590 816528
248302 52618
906118 164494
233693 801813
657335 960314
122731 317318
580547 10355
325762 302507
968592 73955
817602 773525
717807 392411
111163 22949
787214 723501
796646 666708
466617 431821
190745 42709
527093 307546
168424 640157
194317 739430
300580 580789
213491 190355
482724 772677
646415 243086
836521 270648
519458 539634
229468 619576
236478 72956
445241 708407
829183 567664
942179 930250
612279 319621
629062 755958
589565 231453
458982 494545
861551 460234
184795 164912
709011 240072
764973 497827
96132 488811
676664 11291
422198 984617
162506 525506
198440 980745
820015 526948
571938 117903
197518 59534
27391 693124
32211 624112
244088 742736
49736 815158
441032 301391
2198 454883
391900 899177
661716 29827
340440 934906
689723 464926
542282 930256
579200 526370
408886 793669
476129 504893
666601 525425
49826 337417
158409 925560
340350 915284
347152 542863
136540 895457
643955 981718
376370 305078
99552 807786
95674 686132
412143 311530
426169 929797
692554 388594
651610 999227
962528 430846
523623 266900
840906 797744
769596 518369
502880 239990
871253 747128
632569 68953
470250 862158
507026 330444
978084 850026
243114 439650
291414 904414
155915 409185
779274 346620
226049 336637
85793 465968
482644 275673
602671 373284
783203 413551
143469 463661
148899 52714
373786 711052
623074 305054
360524 421448
859219 145990
263543 951559
593920 322888
295660 349513
141725 831780
139960 581913
9481 629110
581217 713040
204684 912085
742868 836927
664904 52344
934197 314065
382491 371022
113642 487381
480926 622210
683421 457045
693884 29160
482083 241202
851999 140261
611628 462147
786262 112555
333528 803580
992232 764219
871350 559024
333925 320924
583880 71848
152430 300910
320971 182356
697769 191913
222978 42050
501271 216047
619223 670374
894934 326431
363867 680549
400388 809030
845911 159368
783698 616415
416301 897563
916627 985948
129015 687695
827316 282697
499383 899598
674194 864391
886252 191144
783519 711635
576632 257921
335934 161748
850664 652184
677253 900996
354984 649224
669033 947821
118566 562610
129978 396082
42046 64280
782630 413026
372777 28121
181638 620729
867074 195539
255752 100906
758012 717856
704610 152110
105199 222953
533755 659611
177617 273274
526165 327938
693642 800839
657771 599909
208423 160824
82490 186999
225783 81008
198778 850347
204761 119496
601673 227494
531351 348935
157169 208472
860073 571403
449898 890906
885146 333531
373925 224514
87881 890665
424833 991533
397210 448982
658984 955340
979887 867761
790385 267693
318324 551707
620999 686613
220970 192167
847189 214038
307584 544334
244982 385854
82873 246663
365725 624978
477261 784638
866256 535177
953113 904842
326442 62584
39992 267319
446335 567804
966139 913631
701016 943499
120420 635382
723832 192110
331515 726505
141743 778736
115274 142802
939574 374578
192834 570415
670610 496559
30304 248097
78702 492140
684569 947308
543603 180727
565997 114054
346995 839837
231368 997304
415347 274174
171356 985278
163573 286580
732880 699732
701361 677384
213736 176802
766456 392779
131110 118469
462196 362607
187278 748645
224959 255268
396043 186069
459053 872448
335514 318179
642144 333740
375954 243080
896019 291262
743094 400365
263730 145522
681786 227396
736515 396927
265487 342756
28981 506471
907452 360074
224723 675521
969552 217611
772524 970217
292543 505760
339678 467266
221943 367767
52937 940476
970852 171798
511360 918218
647054 607051
710386 449512
46909 714297
431237 562676
601107 897256
483808 740978
145829 755022
568893 84376
729624 768263
829299 930772
197606 70360
964597 814889
549158 243173
308700 755882
466276 975635
945761 58718
956034 539574
477848 843516
921225 48527
312600 901663
779619 263039
473845 209799
964211 290994
84429 225449
79861 933721
493469 138411
61684 127691
602523 404380
414539 349525
864567 639900
470705 218787
465039 402335
375495 997873
952332 845510
200833 3106
835253 96790
686290 422881
662030 646902
947319 526717
978505 614598
157654 206172
84020 823795
361310 42268
291778 276005
312825 747907
843233 7124
838733 42513
399895 192078
724118 931602
231665 954202
698776 166581
977924 88342
673852 914628
653761 412513
66867 44015
967783 350160
416060 257577
560616 801050
839195 167516
921137 893624
292293 252062
592287 102035
743655 517578
328129 349073
187574 993834
407075 340946
891525 215787
457799 80718
74895 610268
558827 461937
101381 534546
626199 412464
256597 283606
866128 561847
842727 258905
329979 968955
942918 307824
837127 958311
497416 80418
171618 907251
529911 821480
428223 103159
630176 462029
711821 363747
743247 573926
353673 259971
680346 853985
34200 645388
875613 261718
689940 430209
474575 270180
739951 644801
405183 702173
175570 893812
334355 165586
603876 630434
237022 541348
612891 372297
713553 220030
120847 620395
737620 742311
936266 172596
335228 891785
478263 375421
913575 744607
698109 393694
210387 241344
279678 800447
395112 426115
53017 832403
800243 936048
530178 649179
478630 998172
860996 353673
690752 463509
756959 293815
87097 352439
865398 239051
253452 240592
160725 585913
591413 839104
102256 780732
521546 14359
382437 437236
264017 319670
923421 1490
132078 761437
902864 926047
326569 920466
441820 529397
87918 72483
958099 8833
432017 552209
552520 478288
829018 55899
397144 870845
662918 941637
107058 141506
39683 106454
357548 142952
462910 58979
650858 536955
149430 683028
223252 770077
722484 554773
485030 931583
781766 308905
151635 331655
993651 660072
630026 504947
242168 277797
835207 78880
509996 727385
260599 546547
388201 256924
322878 20924
293759 759535
578381 719659
632284 412508
664800 860724
770832 85043
711227 70611
306746 459372
283889 646309
610995 411437
102116 86818
996657 12705
660206 788092
418387 483091
910291 305789
383636 356525
152501 358370
380156 335379
612520 430764
552987 830824
255327 561271
369945 96013
372849 225634
324997 579376
930402 214299
419549 799196
61342 320062
62810 861278
538542 7112
584057 123265
124947 856244
58256 65298
898469 768985
88260 11384
173869 239493
366064 319908
851295 332257
687356 516081
777772 882877
908186 93077
634442 481206
213167 486691
432839 354985
250832 763200
261252 312447
697304 785894
948743 810784
224708 889536
473506 462218
114376 251182
794427 113536
77331 598832
131190 982953
452456 690753
455498 686792
928211 31249
629692 10084
742911 988680
275119 278651
960429 255018
107430 896668
25768 956430
679242 12122
103301 326907
5788 331226
339174 254038
66050 676515
994099 256905
428346 382494
461502 807486
746740 378216
151262 701794
547861 284710
297122 405486
286686 357993
374534 392332
986876 776057
757970 762138
556276 392348
731536 827386
551661 310454
834487 186228
809324 183827
997112 612860
347620 928682
27576 853472
169014 711023
795657 541591
235808 270844
111176 152980
392326 541114
642639 374900
940352 719148
808609 472249
739665 644810
348046 478853
720953 370962
121460 955599
307721 67888
902764 281180
895108 84794
253581 905719
162316 10129
410085 964511
161427 660128
675024 379916
475991 461580
640981 565164
793365 251892
351375 374690
582551 111748
977617 272485
271725 17609
390350 52136
566175 975112
45379 698347
890786 757991
865237 774706
747852 389322
404052 162311
715988 986035
170753 584219
177307 905066
416905 466825
434671 844907
629149 167801
211832 458593
17950 424699
845718 526280
632450 986046
316619 864945
239811 48979
345742 230290
736865 373798
127092 542098
717484 619718
710827 879271
566782 991472
672855 241245
720507 948276
799521 173429
948788 23960
524931 299116
978622 990288
427720 135627
761334 895345
185348 336628
509387 538242
448755 647064
510423 581596
817153 425948
162692 864918
883742 607278
338350 472923
700114 970799
863177 357005
943838 346160
508777 268804
345808 650735
315307 210688
43430 922242
650536 276491
973703 196633
185324 19990
938983 255766
503522 96361
680255 694992
24770 44200
727466 704472
159140 293654
561418 77467
456820 146206
102941 498737
707288 245536
723148 635799
117679 997764
61421 462317
129487 140872
159054 100723
70614 70275
206979 377523
591436 359221
328721 797238
724151 487282
298156 371366
316044 857932
839686 520813
158416 173459
247564 303096
708163 437707
822268 978298
476478 19667
347590 256472
149203 652773
58734 706071
687932 791350
131235 92087
745672 253344
960573 912118
13232 686527
554940 771537
657722 758525
26732 662395
576710 57653
248486 652099
119115 340334
546709 379649
294664 674626
669764 976949
226331 867840
385121 474025
516024 118234
482327 324249
349683 118858
910958 869356
841104 452955
973437 867418
486426 936874
365371 540820
960485 160036
821614 782804
919623 781389
27016 185083
659364 632937
553078 869195
949546 913131
64265 457622
857075 85880
855275 629781
569762 951065
816084 642463
888362 182452
827494 236936
188052 57127
551048 513695
254394 867050
825933 206252
615103 776706
838631 9143
793612 296796
837231 453112
864245 999729
525521 987285
131464 698967
506604 338253
447354 203428
395299 317474
521521 85933
604254 419857
748469 477607
337085 311839
149641 870748
152237 348061
658055 487769
461661 486780
419049 694253
495435 377496
333455 271807
637606 768920
881477 520156
233522 160479
741610 708575
909929 538761
586455 600787
855352 51181
712987 376294
681776 248156
497059 963337
800800 18537
596905 948114
586058 783855
514542 521758
234572 536170
833016 13462
870513 353430
835299 390859
549220 170882
437258 944612
180836 296569
623444 713503
630866 156039
682767 905639
301503 116226
528402 663160
500685 807177
996379 991079
185567 644507
519195 125344
334423 455845
333303 243360
725571 782979
689520 882818
985462 541039
633537 340428
673593 700439
18563 43490
412470 196417
359882 515994
294944 551003
8933 81264
174294 584579
918380 404577
959105 375597
731418 934007
328450 804777
296072 570889
155671 73325
997564 599884
923062 963757
957809 186189
5080 304258
747872 26677
79283 712275
696590 447035
488149 683292
317089 542228
754307 806394
542956 423537
436928 309130
445136 167628
441657 377985
270101 886659
671804 504167
581998 881766
728966 229145
808238 271632
124852 731416
669117 662085
314462 640359
417450 858291
723033 959793
587949 756825
226492 363640
506455 28215
436147 226581
941287 534395
105968 948434
175328 861300
318801 713071
122013 493407
543030 462187
110292 65324
271128 227006
924977 845697
487821 351524
218949 122874
718438 766678
138575 557349
291462 245950
179877 871129
815501 784343
805192 995294
729941 548356
138982 221779
462645 990439
379756 994586
692427 429422
560577 505372
795995 70286
145339 714132
970862 34641
382292 993240
277560 269427
889482 466264
853491 675576
637137 101808
772476 243021
332197 739587
251017 967595
250752 832815
846275 230085
27282 972520
980555 569336
136904 304458
97732 582483
388977 758993
88224 386420
787805 866449
642752 545769
565496 322952
539309 966983
355214 287209
143131 488312
728063 539829
85682 169267
493747 20867
817224 760698
342944 11439
356657 544300
689441 566055
831718 463334
517141 406322
781066 679490
109642 194096
847111 282822
34689 256684
225893 602146
856769 923703
981630 13280
923338 154580
745789 801941
150248 653524
802685 24773
566825 10694
634007 614184
265133 990464
378777 877199
857335 680002
427260 21678
496457 969125
417074 817744
529860 839109
900762 285622
685773 661116
351530 740263
135449 970529
106940 168221
966258 158795
413410 314433
923962 953893
86537 181413
980943 944652
78463 628388
340251 129167
587989 766707
125862 461587
104258 268381
578054 303305
487258 325885
202452 33756
357028 638251
518021 213655
274705 531570
634042 330608
643563 935356
291339 377801
439106 111328
118492 853323
11997 114679
711529 103859
609077 925389
948156 187229
417088 366849
560453 638410
104842 504151
527441 943292
95603 353665
302460 763463
257378 338243
797818 228012
742646 794246
424990 568535
184780 468776
815550 643380
803374 547145
299287 819225
126841 719166
270216 475228
208093 895470
263690 530221
373611 717751
658229 901893
974255 422374
975837 518747
498761 406835
434521 208847
644170 797672
892185 81130
914597 273277
139534 801148
503911 565400
782722 306841
542752 408400
411445 468896
923501 510038
609859 819913
144961 912117
736658 367844
738352 93108
532542 269735
597170 29246
579917 542556
891290 707544
206177 149849
20428 207302
563344 958443
866655 745202
315247 285795
447947 865468
674967 817204
456720 28111
203080 284383
559983 137025
188995 392857
3063 522478
681251 628647
433477 226292
887332 492882
649092 418004
